 day | number_of_assignments | duration 
-----+-----------------------+----------
   1 |                  2062 |   143179
   2 |                  1728 |   146491
   3 |                  1728 |   105817
   4 |                  1728 |    96669
   5 |                  1344 |    99337
   6 |                  1152 |    79751
   7 |                  1344 |    82472
   8 |                  1726 |   144979
   9 |                  2267 |   134547
  10 |                  1629 |   109439
  11 |                  1253 |    91917
  12 |                  1611 |    91031
  13 |                   895 |    72429
  14 |                   895 |    71068
  15 |                  1568 |   145026
  16 |                  1449 |   118267
  17 |                  1449 |    89830
  18 |                   966 |    77780
  19 |                  1288 |    85288
  20 |                  1288 |    70047
  21 |                   644 |    66513
  22 |                  1610 |   115332
  23 |                  1610 |   116763
  24 |                  1610 |    94531
  25 |                  1288 |    76571
  26 |                  1127 |    82857
  27 |                   800 |    64236
  28 |                   967 |    78944
  29 |                  1638 |   116209
  30 |                  1870 |   139888
  31 |                  1513 |   101874
  32 |                  1334 |    79700
  33 |                  1328 |    78808
  34 |                  1162 |    70819
  35 |                   996 |    67240
  36 |                  1660 |   122081
  37 |                  1643 |   124930
  38 |                  1263 |    91999
  39 |                  1500 |    73366
  40 |                   906 |    76064
  41 |                   906 |    59514
  42 |                  1210 |    64909
  43 |                  1451 |   113792
  44 |                  1474 |   100003
  45 |                  1340 |    76761
  46 |                  1462 |    70817
  47 |                  1026 |    63378
  48 |                   630 |    50126
  49 |                   986 |    51361
  50 |                  1098 |    88755
  51 |                  1464 |    86388
(51 rows)

